Top 10 SAE features per layer:
layer_0_mlp: [3, 48, 34, 116, 42, 126, 84, 107, 120, 49]
layer_1_mlp: [49, 97, 37, 12, 125, 3, 39, 53, 21, 70]
layer_2_mlp: [74, 47, 34, 103, 6, 30, 114, 63, 93, 21]
layer_3_mlp: [80, 85, 89, 34, 110, 93, 120, 47, 55, 126]
layer_4_mlp: [40, 58, 105, 4, 26, 2, 57, 102, 21, 124]
layer_5_mlp: [59, 104, 86, 51, 42, 98, 58, 31, 99, 57]
layer_6_mlp: [81, 125, 72, 85, 62, 26, 74, 49, 48, 69]
layer_7_mlp: [33, 29, 76, 108, 51, 6, 37, 74, 100, 81]
layer_8_mlp: [86, 96, 7, 111, 28, 9, 57, 94, 82, 123]
layer_9_mlp: [67, 80, 94, 75, 114, 126, 17, 2, 73, 13]
layer_10_mlp: [2, 120, 23, 90, 46, 73, 97, 10, 116, 84]
layer_11_mlp: [54, 1, 118, 88, 43, 74, 90, 97, 32, 119]
layer_12_mlp: [86, 60, 100, 13, 113, 67, 30, 84, 116, 59]
layer_13_mlp: [19, 64, 59, 16, 37, 99, 79, 52, 20, 89]
layer_14_mlp: [4, 110, 103, 57, 20, 89, 76, 119, 55, 71]
layer_15_mlp: [27, 65, 73, 84, 82, 96, 79, 62, 112, 54]
layer_16_mlp: [90, 9, 46, 86, 55, 43, 18, 100, 44, 120]
layer_17_mlp: [89, 73, 7, 126, 40, 77, 24, 105, 90, 91]
layer_18_mlp: [49, 120, 43, 124, 62, 119, 33, 88, 14, 40]
layer_19_mlp: [110, 119, 49, 124, 81, 17, 48, 68, 103, 118]
layer_20_mlp: [53, 88, 68, 117, 18, 3, 43, 76, 79, 42]
layer_21_mlp: [95, 126, 89, 40, 113, 80, 86, 84, 22, 18]
layer_22_mlp: [63, 65, 91, 105, 61, 124, 23, 45, 113, 10]
layer_23_mlp: [88, 25, 83, 16, 116, 107, 72, 54, 19, 58]
layer_24_mlp: [5, 40, 2, 115, 18, 61, 13, 15, 41, 95]
layer_25_mlp: [20, 70, 48, 95, 54, 88, 34, 57, 116, 87]
layer_26_mlp: [89, 59, 70, 20, 31, 37, 117, 39, 19, 125]
layer_27_mlp: [52, 7, 48, 78, 15, 27, 62, 21, 11, 39]